-9 38
1.5 49.5
32.5 53
-3 37.5
25.5 62.5
20.5 65
33 59
22 66.5
24.5 40.5
8 48.5
11 42.5
30 37.5
31.5 46.5
32 37.5
26.5 42
31 68.5
-10 54
27 52
29 52.5
10 48
6.5 45
15.5 38
27 56
-4 38
24 45
24.5 53
-9 52.5
0.5 52
5 48
11.5 48
5 51
27.5 53.5
25.5 65
28 46.5
11.5 52.5
-6 37.5
-0.5 53
16 45
18.5 66
3.5 48.5
5.5 51.5
26 43
1 48.5
14.5 52.5
31.5 60
24 51.5
21.5 51
24.5 58.5
16.5 53
-1 37.5
28.5 59
8.5 49
24 41
0.5 43
19.5 69
22.5 39.5
29.5 59.5
17.5 46.5
17.5 49.5
13.5 43
0 45.5
17 45
6 46.5
6.5 61
27.5 65.5
-6 43
-9.5 52
24.5 54
22.5 55
-7 41
3.5 45
24 50
32 63
26.5 49
24 61
19.5 51
17.5 64
24.5 45
27 47.5
11.5 60.5
26.5 39.5
28 56
16.5 45
6.5 44.5
-2 48
13.5 48
27 62.5
15 51.5
24 51
25 61.5
9.5 62
6 49.5
21 65.5
3.5 49.5
21.5 54.5
12 64
-8 42.5
17.5 53
17.5 59.5
32 47.5
33 56.5
15.5 49
27.5 52
17 53.5
25 49
-3 55.5
16 52.5
30.5 37.5
13 41
13 61
5.5 43.5
22 61
22.5 68.5
16 53.5
9 41.5
-5 42.5
24 52.5
-6 39.5
14 37.5
25 65
30 58
-6.5 39.5
16 60
9 49
24.5 57.5
21 66.5
-7.5 40
28.5 51.5
20 48
-1.5 51
-3.5 43
29.5 47
-9 40
23 41
27 61
-8 38
26.5 65.5
-3.5 50.5
9.5 54
2.5 48.5
25 51.5
22.5 61
28 48.5
32.5 62
24 35
17 63.5
-2.5 48
23.5 52
30.5 51.5
14.5 58.5
11 64.5
0.5 51
15 46.5
12 52.5
0 41.5
-6 38.5
27.5 50.5
16 46
20.5 65.5
-8.5 52
7 52
30.5 52
17.5 68
23.5 66
14.5 58
22.5 54
33 49.5
-5 55
26.5 64.5
31 65.5
10 57
-5 38
4.5 48.5
15.5 46
-8.5 40
16 66
-8.5 39
21.5 37
10.5 46
17.5 62.5
25.5 56.5
26.5 64
9 44.5
21.5 57
13 63
32.5 39.5
6.5 51.5
13.5 52.5
27 51.5
7.5 59
29.5 40
29.5 40.5
27 57.5
16 51
21.5 40.5
27.5 45
16 68
31.5 64.5
23.5 55
12 60
31.5 39.5
-7.5 39
-7.5 42.5
25.5 48
25 58
-3.5 51.5
31.5 48
32.5 54.5
8.5 56.5
29.5 49.5
2 42
4 46.5
28.5 58
29 47
5 60
15 63
10.5 63
13.5 47.5
28.5 67
-2.5 55
-0.5 44
11 47.5
30.5 46.5
19.5 49
30.5 68.5
21.5 50
28.5 47.5
7 58.5
15 47
28.5 48.5
32 48.5
-0.5 50.5
20 68.5
22.5 45
16 49.5
28 47
-2.5 53
12.5 62
32 62
17 67
-2 48.5
25 68.5
9 53
30.5 57
13 47
-3 55
22.5 66.5
10.5 43.5
8 62.5
5.5 59.5
29.5 55.5
32 37
33 61.5
14.5 50
22 46
-6.5 54
14 57.5
11.5 52
30.5 39
20 45.5
6 46
-3.5 55.5
16 47.5
27 56.5
31.5 66.5
30 66.5
14.5 57.5
26 61.5
24 61.5
9.5 46.5
15.5 60.5
25.5 51
16 63.5
22 52
27 37.5
19.5 67.5
29.5 52
25 62
11.5 62.5
6.5 45.5
23 52
-6 36.5
30.5 64.5
29.5 65
22 45
27.5 41
10.5 47
33 60.5
26.5 48
23.5 64
23.5 40.5
-9 51.5
3 50.5
15 57.5
10 51
9 54.5
18.5 45.5
-1 40.5
13.5 60.5
31.5 50
24.5 44.5
32 52.5
23 60
27 64
33 68.5
23 44
25.5 50
11 54.5
5 52
21.5 65.5
8 60
13.5 61
31.5 53.5
31 69
33 54
30 51
-4 38.5
-6 41
17 65
15 60
8.5 60
-1.5 39.5
24.5 41
-5.5 57
23 67
10 46.5
28 67.5
13.5 60
0.5 47
22.5 41
18 48
31.5 58
7.5 58.5
27 57
12 64.5
12.5 59.5
-9 40.5
12 43
19 46
21.5 42.5
1.5 42.5
17.5 44.5
22 61.5
11 60
-2 41.5
-1 52.5
-2.5 36.5
28 57
27 63
-5 38.5
21 69.5
30.5 40.5
13 43
18 63
16.5 60
30.5 57.5
12.5 61
28.5 63.5
28 36.5
30 48.5
6 59.5
-3 39.5
3 44.5
32.5 58.5
21.5 53.5
12 57.5
0 50.5
12 44.5
-3.5 42.5
28 65
-1 42.5
13.5 56
32.5 48.5
29 54.5
22.5 61.5
19 49.5
20 47.5
32 40
15.5 53
27.5 52.5
23 54
33 40
10 59
16 47
21.5 47.5
28.5 46.5
17.5 51
25.5 57
-8.5 43
25 67
28 53
21.5 44
31 55
-1 45
-5.5 38.5
31.5 67.5
-5.5 36.5
-8 39
-3 38.5
-1.5 47
26 47.5
4 48.5
15.5 57.5
-10 53
25.5 69
21 51.5
20.5 69.5
16.5 65
20 44
21 55.5
19 53
22.5 57
5 43.5
-6 41.5
6.5 52
30 57.5
27 54
4.5 50.5
22 36.5
26.5 50.5
27.5 64.5
32.5 49
30 59.5
29 41
-5 54.5
27 40
-9 53
29.5 38
-1.5 46.5
18 64.5
6.5 51
13.5 66.5
-1.5 53.5
29.5 55
8.5 58.5
-3.5 48.5
31.5 49
7 50
12.5 49
18.5 67.5
32.5 66.5
6.5 52.5
21 65
22 53.5
1 47
19 66
33 61
12.5 56.5
2 45.5
21.5 67.5
0 51.5
8 49
-3 53
26 66.5
25 41.5
11.5 48.5
13 50
26.5 62
23 40
-3.5 54
26 56.5
16 41
30.5 51
26.5 46
26.5 53.5
-10 52
24.5 56
3.5 46.5
20 43
-9 39.5
31 56.5
31 47
7.5 53.5
31.5 63.5
18 47.5
24 63.5
20.5 51.5
16.5 58.5
29 47.5
-8 40
6 44
27.5 66
25 35
23.5 67.5
3 47.5
27.5 56.5
10.5 45.5
-1 52
25.5 70.5
12.5 51
23 68
27.5 57.5
26 49.5
10 48.5
0 48.5
17.5 49
-7 52.5
15 68
10 45.5
32 36
-5 56
-6.5 53
19 45.5
28 39.5
27.5 60.5
30.5 39.5
24.5 70
20 50.5
22 68.5
-4 37
15 60.5
1 49.5
9 51
9 48.5
11 62.5
-3 37
3 48.5
21.5 60.5
6.5 43.5
17 46.5
29 51.5
7 48
25.5 64.5
30 60
26.5 40
24.5 59
22 54.5
-8.5 54.5
0.5 41
22.5 51
2.5 47.5
-1 40
-7.5 53.5
15.5 64.5
11 45.5
16.5 58
-8 37
27 69.5
0 43.5
20 40
26.5 46.5
26.5 52.5
23 56.5
-0.5 48.5
24 41.5
11 44.5
23.5 47.5
23.5 66.5
9.5 49
6 52
22.5 53
27.5 70.5
13.5 42
11 51.5
25.5 68
20.5 54.5
11.5 49.5
26 58
14.5 63.5
33 48.5
17 49.5
17 60.5
29.5 37.5
5.5 48.5
12 50
1 42.5
15.5 57
5.5 61.5
21.5 66.5
30 68.5
23 45.5
19 63.5
26.5 47.5
10.5 60
0 52.5
14.5 64.5
28.5 69
-6 54
32 69
31 47.5
33 41.5
32 59
29.5 63
21 52.5
29.5 68.5
9 55
29 38.5
21.5 47
12.5 65.5
12.5 49.5
28.5 51
27 47
16.5 52.5
13.5 63.5
23.5 56.5
2 45
28 64
22 47
17.5 44
8 51.5
5 46.5
7 61
-2.5 47
24.5 51
2.5 49.5
15.5 48.5
29 61.5
21 56.5
-3 57
-5 57
22 65.5
12.5 52
29.5 65.5
26 52.5
18 48.5
28.5 44.5
31.5 69.5
-6 36
15.5 67
23.5 54
28 45.5
30.5 58.5
26 54
-3.5 42
9.5 50
-7 39.5
-2 54.5
32 66
30 57
7 50.5
17.5 60
26 67.5
27 41
32.5 57
28.5 54.5
24 38
4.5 44
27.5 45.5
30.5 50.5
22.5 58
14.5 37
17 43.5
27.5 42.5
-5.5 37
8 46
29.5 56.5
19.5 64
0 52
-2.5 40
-0.5 42.5
23.5 40
-3 52
18 64
6.5 50
29 70
25.5 51.5
32.5 67.5
-2.5 37.5
30 48
27 55.5
-4 39
25 48.5
25 50
-0.5 43
29.5 68
8.5 59
19 47.5
19 48.5
-0.5 43.5
-3 53.5
12 53.5
19.5 47.5
21.5 52.5
9.5 60.5
19 50
12.5 63
16.5 51
7.5 47.5
19.5 65
21 54.5
8 52.5
26 42.5
15.5 53.5
-2 38.5
20 63.5
12.5 60.5
28 46
8 59
29.5 69.5
21 64
29.5 47.5
-7 54.5
25.5 63.5
-3 48
8 47.5
-7 37
12.5 57
24 69
22.5 43.5
9.5 45.5
32 61
33 56
-1 42
28.5 61.5
23.5 55.5
17.5 42.5
15.5 43.5
14.5 57
-5.5 55.5
-5 36.5
29.5 48.5
26.5 57.5
-4 37.5
32.5 50
14.5 45.5
18 68.5
6.5 48.5
8 56
5 51.5
27.5 49.5
13.5 64
6.5 48
22.5 42.5
9 59.5
19 44.5
22 43
20 67
-7.5 53
17.5 53.5
-1 53
3 46
5 45
1.5 47
32 50
7.5 51
27 66.5
-9 54
-1.5 52
-3 43
32 66.5
26.5 69.5
16.5 52
22.5 63
13 64
26.5 66
-5.5 43
21.5 66
25.5 61.5
14 56.5
0 43
30.5 59
10 49
-0.5 46.5
30 70
31 61.5
31 49
25 49.5
19.5 47
18 60
29.5 67.5
27.5 51.5
27.5 54.5
27 51
23.5 42.5
-1 45.5
29.5 54.5
8.5 55
31 40.5
17.5 52.5
3 45.5
-0.5 41.5
-4.5 41
25.5 61
18.5 68
6 47
9 62.5
18.5 43
8.5 47.5
14.5 46.5
33 69
12 51.5
10 56.5
21.5 70
27 40.5
6.5 46
25.5 42
13 47.5
26.5 54
12.5 64.5
32.5 53.5
28.5 58.5
8.5 49.5
9.5 57
-0.5 51
19 65.5
28.5 53.5
20 49.5
32 63.5
0.5 44.5
6.5 60.5
24 48
14.5 50.5
23 47.5
26 69.5
-7 39
28.5 68
14 46.5
29 56.5
11.5 64.5
28 49.5
0.5 43.5
15.5 49.5
33 52.5
6.5 47
22 51
-5 43
18 66.5
27.5 37
-6.5 40
-3 52.5
31.5 57
27.5 62
-3 51
9 60
29 39
29 62
16 45.5
31.5 52
30.5 56
13 49
28.5 68.5
33 46
12 63
4 49.5
1 43.5
32.5 58
24 60.5
12 46.5
28 68
-0.5 49
9.5 54.5
25 55
31.5 41
23 41.5
25.5 46.5
22 62.5
19 68
20 49
23.5 45
8 52
29 70.5
17.5 47.5
19 42.5
26 41.5
14 47
8.5 41.5
13 57
-4.5 42
7 49
23 38.5
26 62
-5 55.5
33 55.5
15 50.5
19.5 52
25 61
0.5 49.5
23.5 63.5
31 38
28.5 55.5
12.5 50
14 41
17.5 45
17.5 54
-6.5 41.5
30 53
13 45.5
11 49
30 55
26 58.5
-1.5 43.5
21.5 52
31 63
13 66
8.5 40.5
24 50.5
-2.5 57
11 50.5
31.5 48.5
33 35
15 57
32.5 65.5
23 53.5
20.5 46.5
31.5 56.5
30 69.5
28 62
32 47
9 46.5
24.5 47
26.5 49.5
6 43.5
13 61.5
27 53.5
11.5 43.5
23.5 60.5
31 48.5
23.5 62
12 41.5
27.5 67.5
24.5 60
26.5 59
9.5 48.5
-9 38.5
19 51
25 48
14.5 66
23 40.5
21.5 61.5
17 52.5
14.5 41
1 45
26 65
15 49.5
19 44
30 56
22 52.5
5.5 49.5
20 66.5
-1 39.5
27 43
27.5 55
32.5 55
-1 47
27.5 69.5
18 47
21 50
31.5 63
11 52
23 65.5
24.5 69.5
16 54
25.5 46
9.5 53.5
12.5 45.5
30 50.5
24 47
26.5 54.5
8.5 52.5
17 51.5
12 58.5
1.5 42
8 51
26 48.5
2 48
-3 42.5
26.5 41
29 39.5
29.5 36.5
11 63
30 46.5
15 49
-1.5 40.5
23.5 46.5
-1.5 44
8 44
13.5 42.5
-3.5 37
23 50.5
23 66
24.5 43
21 48.5
13.5 63
1 46
23 60.5
14.5 66.5
27 55
27 45.5
-3 42
32.5 69.5
-4 43
12.5 51.5
12.5 54
23.5 45.5
1 48
-2 47
-1.5 37.5
-5 37
17.5 48
11 60.5
19.5 67
32 56
15.5 47
12.5 50.5
15.5 63.5
15.5 67.5
11.5 46.5
32.5 54
18.5 50.5
29 63
9.5 50.5
21.5 68
-2 42.5
13.5 59.5
-4 52.5
23.5 43
25 45
6 60
13.5 57.5
29.5 58
-2 52.5
28 38.5
31.5 40.5
18.5 47
24.5 43.5
17 54.5
-1 47.5
2.5 45
16 53
22.5 40.5
31.5 38.5
29 55.5
32.5 47.5
8 55.5
24.5 62
14 64
14.5 52
5 61
24.5 49.5
5 50.5
19 46.5
30 59
31 62
13.5 57
-1.5 47.5
26 49
33 47
16.5 44
18 50.5
2.5 42
9 61.5
32.5 61.5
22 60.5
23 48.5
14 51.5
12 45
24 68.5
16.5 67
26 42
18.5 53.5
9 52
2.5 50
-7 53.5
6 51.5
14.5 45
4 46
18.5 64.5
29 50.5
3 44
17 64.5
30 39
-0.5 39
16.5 48
20.5 47.5
29 40.5
-3 40.5
29.5 54
-5.5 41.5
24 56
8 50.5
21.5 55
30 55.5
16 59.5
14.5 53.5
17.5 67
20 66
23 67.5
10.5 60.5
26.5 38
25 52.5
22.5 62.5
13 59.5
20.5 66.5
24.5 67
17.5 46
26.5 47
24.5 47.5
21 56
-8 43
25 59
2 43.5
-1 53.5
21.5 53
15 47.5
27.5 51
-4 56
32.5 67
24.5 51.5
-5.5 37.5
26.5 51.5
-6.5 42.5
18 66
22.5 60.5
28 50
19 45
22.5 36.5
4.5 46
22 69
11.5 55
1.5 44
14.5 68
15 68.5
32 62.5
9 56
18 49
13 60.5
21 45
5.5 53
4 47.5
23.5 41
24.5 50
-5 42
-5.5 41
-6.5 54.5
31 67
29 61
14.5 37.5
21 67
14 57
-6 40
16.5 44.5
17 66.5
12.5 43
6 61.5
10 50.5
26 68.5
18 59.5
22 50
2.5 39.5
2 43
16.5 46
1.5 47.5
24.5 46
5.5 45
23 66.5
15 41.5
15.5 51
-0.5 38.5
10 62
2.5 44.5
1 44
24 53.5
11.5 54.5
7.5 47
32 39
13 52.5
32 69.5
13.5 62
27.5 46.5
31.5 68
26 67
17.5 67.5
18.5 59.5
8.5 48
14.5 61
33 66
30 64.5
-8.5 37.5
-6.5 37
30 36
0.5 44
6 60.5
12 52
1 45.5
-3 51.5
30.5 40
-2.5 40.5
4.5 45
10.5 53.5
-1 38.5
20 50
23 54.5
31 54
29.5 62
16 51.5
7.5 51.5
22.5 50
-8.5 39.5
29 38
20.5 49
-0.5 39.5
-0.5 45
12.5 53
1 52.5
25 43
-4.5 38.5
1.5 46.5
8.5 39.5
-4.5 50.5
15 56
28.5 70.5
-4.5 40.5
33 47.5
28.5 50.5
21 67.5
14 48.5
32 68
1.5 43.5
0.5 51.5
16 64.5
18 67.5
9 48
23 55
20.5 43.5
-2.5 41.5
-8.5 40.5
27 66
13 52
-1.5 41.5
32 40.5
28.5 38
5.5 52.5
29.5 64
32 51
-8 53.5
25 63
15.5 66.5
27 50
14 58
10 56
-0.5 40.5
20 64
21.5 37.5
4.5 43.5
23 70.5
21 45.5
13.5 50.5
33 67.5
23.5 46
20.5 53
19.5 42.5
11.5 53
24 43.5
9.5 40
-1.5 52.5
29 69
10 49.5
19.5 65.5
33 66.5
-7 38
22 38.5
10 47
-9 41.5
20.5 69
13.5 53.5
25.5 54
9.5 62.5
1.5 48
21 54
27 64.5
28 63
12.5 46.5
0.5 45.5
-0.5 47.5
4.5 47
12.5 37.5
14 56
13.5 49
31.5 37
24 69.5
32.5 66
21.5 46
10.5 56
-5 40.5
-8.5 41
12.5 48.5
27.5 37.5
-9.5 52.5
2 44
4.5 48
23.5 69.5
-4.5 36.5
16 62.5
1 41
14.5 65.5
27 49
28.5 41
-3.5 36.5
21.5 42
23 38
4.5 52.5
2 49.5
19 67.5
13 57.5
8.5 39
25.5 41.5
25 63.5
0.5 42
9 47.5
25.5 35
27 44
13.5 53
20.5 47
12 47
23 49.5
5 49.5
22 46.5
23.5 48
15.5 44
22 63
18.5 66.5
18 50
-7.5 41.5
0.5 46
-2 37
10 46
28.5 62
20.5 68.5
30 40.5
6.5 50.5
15 66.5
24 67
-4 53
7 53
32 48
1.5 50.5
-2.5 51
4.5 51
0.5 40.5
21 42.5
26.5 53
18 68
27.5 38.5
23.5 70.5
32 68.5
22.5 38
27.5 41.5
-2.5 54.5
10.5 49
7 45.5
30 38.5
16.5 51.5
16 43.5
33 51.5
-3.5 47.5
17 52
17 48
25 41
24 42
14 62.5
30.5 55.5
-7 43
20.5 70
9.5 49.5
19 49
8.5 53.5
25 55.5
6 52.5
-3.5 57
8 44.5
29 51
14.5 40.5
26 47
-4.5 57.5
9.5 46
10.5 48.5
21.5 38
10 50
23 52.5
8.5 45
22.5 50.5
-4 40
3.5 46
8.5 47
18 59
24.5 61
4 44.5
14.5 36.5
33 68
30.5 53
32 53
19 67
29 67
-7 37.5
32.5 59.5
20.5 54
22.5 49.5
31.5 69
15.5 40.5
29.5 70.5
3.5 44.5
-2 39
-1.5 48
31 37.5
29.5 39
29 53
12.5 41.5
-8 54
21.5 41.5
9 41
25.5 58
24.5 46.5
29.5 66
27.5 70
2 50
-6 38
28 54
28.5 39.5
23 51
15.5 61
15 41
7 52.5
12 49.5
32 54.5
24.5 70.5
30 51.5
17.5 64.5
25 66
25.5 67.5
18.5 50
-3.5 55
16 65.5
11 44
19 47
3 49
17 45.5
-1.5 49
29 52
19.5 64.5
15.5 56.5
7.5 62.5
-0.5 44.5
31.5 55.5
17 62.5
-4 51
-4 41.5
32 55.5
12.5 62.5
20 42.5
14 52.5
4 51.5
23.5 68
-7.5 37
25.5 55.5
31 46.5
-0.5 52
15.5 62
24.5 41.5
-5 51.5
20 54
30.5 56.5
16.5 40
14 61
9.5 61.5
0 51
11 46
27.5 40
28.5 56
29 56
30.5 60
2 41.5
29 59
24 46
20 52.5
-2.5 38.5
-1.5 38
5 61.5
32.5 56
11.5 64
10 62.5
7.5 46.5
32.5 62.5
-2.5 43
12.5 42.5
29.5 46.5
26.5 70.5
33 53.5
10 44.5
21 47
-2.5 47.5
29 57
9.5 55.5
-1.5 48.5
-4.5 51.5
23.5 51
-2 54
22 39
15.5 56
31.5 47
21 68.5
23.5 70
6 50
31.5 54.5
-2 42
7.5 43.5
29.5 38.5
25 47.5
20 47
-9 37
24 49
25.5 64
-3 39
9.5 52
17 59.5
19.5 52.5
33 39.5
17 40.5
-2 55
32.5 50.5
-1 41
19 51.5
19.5 53.5
-4.5 54.5
-4 50
-8.5 38.5
16.5 62
26 43.5
18.5 63.5
13.5 62.5
26 59
10.5 54
0.5 47.5
0 46
11 53
-8.5 41.5
-8 39.5
7.5 60
5.5 43
28 49
-6.5 38
22.5 48.5
26.5 44
-3 41.5
21.5 44.5
-4.5 55.5
26.5 56
14.5 56
-4 41
20 42
21.5 39
32.5 61
24.5 67.5
14 45.5
13 65.5
6 43
29.5 53.5
12 53
12.5 47
20.5 42.5
-2.5 53.5
20 69.5
31.5 50.5
32 38
22 44
-0.5 45.5
31.5 59.5
26 39
22 39.5
9 51.5
12 55.5
32.5 37.5
32.5 63.5
16.5 68
8.5 40
27 38
27.5 64
-2 37.5
15.5 62.5
12 54
27.5 67
4.5 45.5
27 59
-8.5 52.5
6.5 58
9.5 44.5
32.5 56.5
-4 55.5
8.5 46
29.5 59
14.5 59.5
18 52
33 62.5
25.5 47
29.5 70
-9.5 38.5
32 57.5
11.5 51.5
30.5 54.5
28.5 64.5
26 52
5 49
31 52
18.5 64
14 55.5
20.5 64.5
30.5 36.5
28 47.5
12 59.5
-5.5 39.5
4 45.5
27 54.5
22.5 56.5
-4.5 58
18.5 67
20 46
21.5 43.5
25 64.5
31 58
-2 50.5
13 53
-3.5 39.5
12 47.5
21 42
32 58
27.5 48.5
5.5 47.5
13.5 65.5
33 51
22.5 55.5
0 46.5
24.5 68.5
31.5 52.5
15 64.5
25 58.5
19 53.5
15.5 45
12.5 65
-1 48
11 50
19 68.5
23.5 41.5
14.5 48.5
15.5 52
22 66
33 36.5
23 42
-2.5 51.5
20.5 67
26.5 61.5
6 47.5
31 59
-9.5 39
10 64
12 46
22.5 49
10.5 51
-2.5 42
1 51
15 40.5
32.5 63
17 69
17 44
9 60.5
8.5 46.5
13.5 45
20 51.5
0 40.5
9.5 56
22 58
0 44.5
8.5 54.5
22 49.5
16 68.5
5.5 60
30 52.5
18 67
15 65
-2 43
26 50
2 46
13 43.5
25 53.5
23 48
28 40
12 51
3 51
29 49
24 57
26.5 45
9.5 63
17 60
18 46.5
15.5 68
32 65.5
-2.5 52
25 53
1.5 44.5
29 59.5
-4.5 40
17 44.5
5 46
-8 41
-9 53.5
26 62.5
13 50.5
17 50
21.5 61
19.5 48
12.5 48
22 48
25 69
31.5 49.5
18.5 52
22 69.5
20.5 51
18 42.5
-7.5 41
21 37.5
24 54.5
-8 40.5
17.5 43.5
0 44
-0.5 51.5
24 70
31 50.5
11 61.5
21 38.5
12 48
5.5 50.5
-0.5 42
30 47
31 39
33 45.5
10.5 64
15.5 60
-6.5 43
11.5 44.5
13 37.5
0.5 49
33 46.5
-5 58
26.5 50
22 44.5
15 40
27 46
19.5 45.5
-4 48
17 63
23 68.5
14.5 68.5
2 50.5
20 53.5
22 70
3.5 47.5
12 50.5
13 56
-8.5 53.5
27.5 68.5
-4 36.5
23.5 60
33 40.5
29 50
19 52.5
5.5 44.5
7.5 50
11.5 57.5
22.5 67
14.5 65
30 50
-4 51.5
21 53
33 63
26.5 41.5
-2.5 54
2.5 45.5
7 47
32 64
15 64
-3.5 38.5
28 67
10 60
10 52.5
20 48.5
11 46.5
20 51
8.5 62
27.5 69
15.5 65
28.5 39
4.5 49.5
4 50.5
21 52
28 70.5
11 48
31.5 56
22 47.5
30.5 65
28 64.5
7.5 45
7.5 49.5
21.5 39.5
24.5 66.5
18 54
13 60
3 47
6 48
24.5 57
-3.5 39
9 46
8.5 62.5
26 56
13.5 58
30.5 69
19.5 43.5
-6 57
25.5 42.5
24 56.5
28.5 45
-6.5 37.5
-8 42
7.5 52.5
32.5 52.5
26 44.5
29.5 67
-3 50.5
11.5 55.5
-3.5 41.5
17.5 63.5
33 48
7.5 48
8.5 59.5
17.5 68.5
8 63
7.5 48.5
-7.5 54
7 51.5
-2.5 38
32.5 36.5
16 58.5
26.5 42.5
16.5 56.5
30 49
22.5 51.5
19.5 44.5
27 41.5
18.5 49
22.5 65.5
29.5 62.5
9 61
22 38
31 48
8.5 55.5
-9 42.5
26 51.5
32 50.5
9 45.5
-6 42
6.5 61.5
5 50
16.5 43.5
-1.5 38.5
28 55.5
28 61
17.5 66.5
11 52.5
15 58.5
6.5 58.5
4.5 47.5
21.5 56.5
18.5 69
16 39.5
29 60
28 61.5
20.5 46
28.5 36.5
21.5 48
16 48
20 43.5
20.5 44.5
9.5 40.5
23.5 42
32 56.5
32 52
11.5 59
-1 49
32 46
5.5 48
20.5 52
26.5 68
-1.5 41
18.5 53
29 65.5
21.5 62
29.5 58.5
13 51
10 61
15 45
22 54
31 57.5
8.5 60.5
19.5 49.5
-1 48.5
25.5 50.5
28 63.5
30 58.5
16 40
18.5 47.5
20 68
10.5 52
30.5 38
26.5 51
-7 53
14 59.5
22 60
15.5 65.5
10 52
25 57
31 55.5
-2.5 42.5
7.5 60.5
21.5 46.5
17 46
11 61
8 48
3.5 50.5
30 65
27.5 54
16.5 40.5
23 69
10 43.5
-5 39
24 53
17.5 45.5
32 53.5
11.5 59.5
-1.5 51.5
15 63.5
30.5 48
10.5 50.5
28 69
28 57.5
14 48
22.5 47
0.5 48.5
3 39.5
18.5 54
4 44
24.5 65.5
21 40.5
10.5 51.5
28.5 48
12 59
24.5 35
-1.5 54.5
17 68
16.5 46.5
-5 57.5
12 45.5
16 39
21 40
18.5 57.5
30 65.5
-4.5 41.5
5.5 44
9.5 60
18.5 45
17 51
24.5 56.5
-6.5 38.5
-1 43.5
32 55
6.5 49.5
9.5 48
33 37.5
26.5 44.5
17 64
10.5 44
6 53
19.5 44
8 58
29 67.5
24.5 50.5
23.5 69
16 64
10.5 50
25.5 66.5
22.5 41.5
16 60.5
19.5 50.5
27.5 63.5
-7.5 43
4 51
30.5 38.5
15 53
11.5 63.5
-3 41
4.5 51.5
16 67.5
-6.5 41
-7 41.5
9 54
3.5 48
24 49.5
12 61.5
25 44.5
33 49
21.5 40
-8 54.5
31.5 62
24 68
13.5 48.5
-4.5 43
4 43.5
28 65.5
12 60.5
7 59.5
12 42
-5 37.5
2 42.5
9 42.5
-9.5 54
15 67.5
27.5 68
19.5 68
32 64.5
32 51.5
16 59
15 44
22.5 58.5
14 42
14.5 64
-3 54
15 56.5
25.5 59
26 70.5
1.5 45
29.5 36
28.5 57.5
15 66
-4.5 57
22 37
22.5 56
12 44
27 70.5
21 68
8.5 52
30.5 66.5
27 65.5
11 53.5
19.5 69.5
29 60.5
26 60.5
13 64.5
20.5 49.5
29 49.5
23.5 61.5
28 62.5
16 44.5
-4.5 39
31 59.5
30.5 67.5
22.5 45.5
12.5 53.5
29.5 69
5.5 46
25.5 49.5
30 66
17.5 50
18 57
32 36.5
-8.5 38
21 46.5
14.5 41.5
20 39.5
33 59.5
30 49.5
20.5 41
28 43.5
14 60.5
23.5 38
31.5 67
9.5 63.5
13 49.5
25 68
11 51
-5.5 36
28.5 54
15 45.5
-8 37.5
16.5 54
31.5 38
24.5 52.5
23.5 63
15.5 59.5
22.5 53.5
31.5 65.5
24 44
30.5 47
22 43.5
6 59
11 45
25 65.5
11.5 42
-7.5 55
6 49
27.5 50
22 57.5
19.5 46.5
21 41
28.5 47
22.5 38.5
9.5 61
29.5 50.5
21 62.5
19.5 40.5
-6.5 55
14 47.5
14.5 46
13 58
-7 55
30 47.5
17.5 59
-3.5 56.5
31.5 66
31 65
9 53.5
18 45.5
30.5 65.5
14 49.5
-5.5 50
24 64
1 46.5
33 57.5
22.5 60
10.5 48
31.5 65
29.5 48
31.5 59
16.5 48.5
-3.5 37.5
7 51
28.5 56.5
-7.5 54.5
-6 40.5
27 48.5
25 70
23 63.5
11 58.5
-4 40.5
18 51.5
6.5 47.5
24.5 48.5
23.5 50
15.5 54
16.5 66
30.5 48.5
31.5 55
22 68
19 50.5
9.5 45
7 61.5
22 45.5
13 42
30.5 52.5
-3.5 48
-4 57
17 48.5
32 39.5
13 51.5
23.5 56
25.5 44
18.5 43.5
24 59
30 61.5
11 63.5
3.5 43.5
7.5 44.5
15.5 41.5
14 46
17 58.5
26 64
16.5 50.5
28.5 67.5
25.5 45
26 55.5
9 55.5
14.5 61.5
9 39.5
14.5 67
24 63
18.5 68.5
21 39
28 37
18.5 48.5
32 61.5
24.5 62.5
27.5 61.5
15 53.5
14.5 47.5
13.5 55.5
21 53.5
23 63
10.5 52.5
25 57.5
24.5 58
16 57.5
31 69.5
32.5 39
1.5 45.5
6 62
31.5 57.5
13.5 41
29.5 45
13.5 45.5
22.5 52
29 37
14 60
23.5 53.5
-5 50
21.5 68.5
26 61
16.5 53.5
16 56.5
16.5 43
29 48.5
13.5 52
21.5 56
7.5 61.5
32 41
23 44.5
31 64.5
23 62
23.5 62.5
2.5 44
-9 41
28.5 59.5
10 53
8.5 42
-4.5 52
21 44.5
-0.5 41
18.5 44.5
13 65
16 38
-1.5 42.5
-3 54.5
-4.5 56
1 52
27 46.5
29 57.5
4.5 49
32.5 51.5
22.5 39
10.5 62.5
29.5 57.5
14.5 60.5
26.5 68.5
27.5 47
1.5 50
0 53
28 56.5
13.5 49.5
23.5 35
27.5 57
-4 50.5
31 56
23 61
18 53.5
3.5 44
-5 40
7.5 61
11.5 42.5
25 56
27 63.5
31.5 40
25.5 68.5
25.5 43.5
28 70
12.5 57.5
24.5 55
22 62
22 40.5
13 53.5
14 37
30 63
20.5 53.5
-0.5 48
17 67.5
-1 51
32.5 40
-1 46.5
25.5 60.5
29 68
0 48
28 55
31.5 61.5
12 62
11.5 61
7.5 62
15 37
14.5 48
8 58.5
32.5 36
24 66.5
33 39
12 43.5
27 44.5
28.5 60.5
15 46
4 48
27 60.5
7 44.5
21 39.5
21.5 48.5
12.5 61.5
10.5 47.5
24 46.5
6.5 49
8.5 61
28 54.5
23.5 59
-6 57.5
8 45.5
25.5 65.5
-8 52.5
-4.5 56.5
22.5 37
2.5 50.5
25.5 66
31 66
19.5 46
12 61
33 63.5
16 49
25 42.5
15 65.5
3 46.5
-1.5 43
-3 38
27.5 56
32 46.5
26.5 55.5
0 49.5
31 57
20.5 39.5
4 49
8.5 61.5
23 69.5
-1 39
-5.5 38
8 56.5
-6.5 42
30.5 58
27 68
23.5 54.5
19 66.5
24 42.5
6.5 62
-3 36.5
27.5 43
16.5 64
14 52
8.5 51.5
24 60
5 47
31.5 58.5
13 62
33 37
-5 41
5 47.5
-6.5 57
5 59.5
9.5 51.5
13 46.5
26.5 43
21.5 50.5
17.5 47
31.5 68.5
15 37.5
24 47.5
8.5 63
19.5 40
7 49.5
-3.5 51
14 66.5
25.5 70
1.5 49
26.5 45.5
-4 42.5
32 59.5
16 63
23 43
16.5 59.5
25.5 52.5
22 50.5
13.5 61.5
4.5 44.5
15.5 41
27.5 55.5
23 57
31 68
20 65.5
15 58
32.5 35
12 65
10 63.5
8 60.5
28 39
25 60.5
24 62
11.5 46
23.5 61
21 48
10.5 55
26 70
19 64.5
33 58
7.5 44
-2 46.5
-9.5 53.5
31 67.5
-1 38
33 67
10.5 61.5
18 52.5
20.5 64
9.5 51
1.5 41.5
33 52
25 67.5
20.5 48.5
14.5 59
28 58.5
16.5 47
11.5 63
12.5 59
16.5 60.5
16 61
8.5 50
28.5 63
-4 58
32.5 64.5
13 46
21.5 45
16 57
20.5 40.5
24.5 54.5
15.5 39.5
26 65.5
22.5 52.5
19.5 68.5
3 43
23.5 47
12.5 46
-6.5 36.5
-6 56
21.5 41
27 52.5
24 62.5
27 48
6.5 59
12 55
24 45.5
25.5 53
25 52
10 53.5
26 51
28 60.5
-8 38.5
25.5 41
18.5 42.5
27 42.5
23 55.5
25 69.5
26.5 66.5
16 48.5
-2.5 39.5
16 44
10.5 59
29 45.5
22.5 68
31.5 47.5
15.5 47.5
27 45
3.5 50
11.5 47.5
31 39.5
10 59.5
22.5 69.5
11.5 45
5.5 51
29 40
32 67.5
28.5 65.5
28 66
13.5 46.5
20 54.5
5.5 60.5
4.5 46.5
24 54
14 58.5
25 46
25.5 57.5
25 64
31 64
23 50
14.5 51.5
20 44.5
33 45
10 55
13.5 56.5
22 48.5
32.5 64
27.5 62.5
0 40
-0.5 52.5
28.5 38.5
28.5 40
27.5 58
27 39.5
15.5 50
8 45
-4.5 38
21.5 45.5
20 52
30.5 62.5
32.5 46
3 50
22 53
26.5 39
11 55.5
1 47.5
-7.5 42
28.5 45.5
3.5 45.5
21 66
32.5 40.5
32.5 65
16.5 50
-8.5 53
22.5 63.5
-2.5 50.5
27 58
29.5 60
9.5 55
9 56.5
-4.5 42.5
21 44
9 62
32.5 51
23.5 43.5
21.5 62.5
28.5 53
26.5 43.5
23 46
6 58.5
7 60
14 50
14 61.5
17.5 43
9 63
21 43.5
19.5 54
13.5 41.5
21 50.5
15 52.5
15 67
12.5 60
7.5 58
1.5 48.5
5 60.5
27 38.5
18.5 44
-3 40
26.5 55
-6.5 40.5
13 41.5
9 42
17.5 50.5
7.5 45.5
30 67
15 61.5
25 47
5.5 58.5
-3.5 52
15 51
24 52
6.5 53
27 42
23 42.5
2.5 42.5
24.5 68
16.5 63
23 49
28 59
22 49
17 61.5
30 37
-3.5 38
-6.5 53.5
17.5 48.5
17.5 51.5
19 69.5
10.5 44.5
28.5 49.5
14 65
29 46
-7 40
-6 37
-1 51.5
22 41
-6.5 39
27.5 43.5
2.5 41.5
17 65.5
26.5 65
8.5 51
-7 42.5
26 45.5
23 62.5
-3.5 40.5
28 44
14 64.5
17 66
8.5 48.5
11 64
9.5 59.5
32 57
13 48.5
1 42
25.5 56
-2 40
-4 56.5
26.5 57
27 43.5
23 51.5
30.5 62
14 51
20 64.5
7 46
21.5 49.5
-3.5 52.5
15 48
-7.5 38.5
24.5 44
16 46.5
21 43
33 65
-0.5 40
10.5 43
-5.5 40
-4 47.5
26 68
7 58
-4.5 53
29.5 39.5
28 41
23.5 53
29 69.5
6.5 59.5
18.5 63
8 46.5
31 38.5
-2.5 41
22.5 48
-3.5 58.5
13.5 50
5 45.5
-10 53.5
28.5 50
19 48
23 56
7.5 53
27.5 38
29.5 63.5
17 47.5
32.5 55.5
11.5 61.5
-1.5 42
-2 39.5
5.5 46.5
27 65
24.5 49
32.5 69
0.5 52.5
2 47
32.5 60
15 62.5
25.5 54.5
7 43.5
-1.5 46
23 47
15.5 63
11 48.5
16.5 65.5
32.5 57.5
14 50.5
14 49
26 46.5
21.5 38.5
26.5 52
27.5 61
13 55.5
20.5 50
9 52.5
8 62
10.5 45
15.5 66
31 52.5
21 64.5
16.5 62.5
16 58
17.5 66
24 55.5
0.5 45
18.5 48
25 51
24.5 55.5
-9.5 51.5
7 44
29.5 60.5
29 62.5
32.5 49.5
28 38
15 61
22 56
-1.5 50.5
23.5 44
6 45.5
30 46
31 62.5
-9 43
32.5 38.5
28 48
14 53
18 62.5
30 64
23 61.5
26 53
12.5 58
19 43.5
11.5 44
30 60.5
18 44.5
11.5 45.5
18.5 65.5
-5 41.5
16 66.5
-7.5 37.5
22 57
-5.5 42.5
18.5 51
33 54.5
-4.5 39.5
29.5 57
13.5 66
-4 48.5
0 47.5
16 61.5
29 45
21 47.5
14.5 62
14 40.5
23.5 49
9 47
3 48
26 55
31 66.5
14.5 63
0 41
20.5 50.5
29 66.5
3.5 51
24.5 66
25.5 44.5
13 62.5
19.5 66.5
-4 55
2 47.5
7.5 49
1 49
32.5 41.5
10 47.5
4.5 50
18 45
17.5 65
21 51
15.5 44.5
6 51
5.5 59
16 67
16 52
31.5 36.5
2 49
25 56.5
13.5 47
10 60.5
8 47
27.5 48
9.5 47.5
18.5 49.5
26 54.5
15.5 46.5
6.5 46.5
5.5 61
22 40
33 38
33 36
15.5 59
18 65
14.5 53
5.5 50
-0.5 47
20.5 42
30 68
20 40.5
14.5 51
20 46.5
11 62
11.5 58
28 51
-5.5 56.5
18 43
28 45
19 64
0 42
20.5 67.5
26.5 62.5
12 48.5
11.5 50.5
26.5 61
17 54
6 44.5
22 67
30 62.5
2.5 47
25 44
-5.5 40.5
9 45
2 48.5
24.5 63.5
-3.5 40
5.5 45.5
-3.5 56
25 50.5
-7 54
-6 42.5
2 46.5
21.5 63
22.5 44
23 53
24.5 45.5
26.5 56.5
1 41.5
22.5 66
17.5 52
15.5 61.5
30.5 59.5
9 40.5
6.5 60
30.5 37
29.5 49
21 55
19 65
-7.5 38
25.5 43
23.5 52.5
27 50.5
32.5 47
24 55
33 57
16.5 66.5
26 63
22.5 62
28 50.5
33 38.5
30.5 63.5
-8.5 37
21 46
-2.5 39
9 50.5
26.5 58
15 50
32 65
3 45
13.5 51
0 49
9 40
18.5 69.5
25.5 67
25 60
15 59
25.5 49
27.5 49
21 69
31 53
30.5 53.5
8 40.5
30 54.5
24.5 53.5
15 62
10.5 49.5
32 58.5
32.5 48
-2 51.5
-4.5 55
29.5 45.5
29.5 53
20 65
12 63.5
-8 41.5
29 64
31 51.5
23.5 38.5
30 52
25 66.5
22.5 46.5
20 69
-3 56.5
24.5 69
28.5 64
-8.5 54
11.5 62
23 43.5
-7 38.5
30 36.5
23.5 51.5
16.5 49.5
25.5 63
29.5 52.5
20.5 68
14 62
5 44
31 37
31 53.5
0.5 42.5
25.5 55
23.5 49.5
28 44.5
26 57
-6.5 52.5
27.5 63
27.5 59
12 42.5
7 59
13.5 58.5
18 54.5
26.5 63.5
-0.5 46
20 45
-8 43.5
24.5 63
28 51.5
-3.5 57.5
24.5 52
28.5 61
-1 54
33 58.5
24 58
28.5 66.5
11.5 49
26.5 67.5
30.5 54
5.5 47
32.5 68.5
16 50
27 67
24.5 42.5
27 61.5
22 55
8.5 44.5
23.5 67
27.5 66.5
31 54.5
-3 57.5
27.5 58.5
-4.5 37
28.5 37.5
32.5 52
-6 54.5
28 66.5
33 64
9 49.5
11.5 60
13 48
24 48.5
14 59
-8.5 51.5
30 67.5
-4 52
17.5 54.5
28 52.5
25 70.5
16 65
23 46.5
15.5 40
30.5 61.5
16.5 59
7 60.5
-1.5 40
15.5 64
20.5 43
27.5 47.5
30.5 49
7.5 52
14 41.5
26 48
31 40
21.5 55.5
11 59
25.5 58.5
33 41
-2 41
30 62
32 38.5
26 53.5
17 62
11.5 51
26.5 58.5
-8 53
-5.5 58
26 40.5
8 59.5
18 65.5
12.5 52.5
18.5 52.5
14 63.5
9 58.5
17 53
25.5 69.5
11 49.5
27.5 42
3.5 49
11.5 58.5
4 50
14 45
11.5 50
20 53
1 44.5
-3.5 41
29 58
3 43.5
18 51
28.5 49
28 68.5
15 38
29 46.5
3.5 47
24 70.5
27.5 46
22 41.5
10 44
26.5 40.5
25 54
-4.5 37.5
2.5 49
30.5 68
30.5 55
26 63.5
9.5 59
30 69
28.5 55
2 44.5
-10 51.5
20.5 44
27.5 44.5
29.5 66.5
14.5 47
24.5 61.5
33 50
32 49
23.5 68.5
15 52
25.5 52
8.5 56
-3.5 53
29 68.5
30 54
26 50.5
16.5 63.5
26 45
22.5 44.5
31.5 54
0.5 41.5
21 49.5
25 43.5
-5 39.5
29 66
29.5 51.5
19.5 41.5
8 61.5
11 43
2.5 48
27.5 65
30.5 47.5
0.5 48
24 58.5
28.5 46
3 49.5
24.5 42
17 47
24.5 60.5
6 50.5
-7.5 52.5
9.5 47
2.5 46.5
6 45
17.5 65.5
22.5 37.5
26.5 63
33 50.5
1 43
-4 39.5
-6 39
15 48.5
-9 42
-8.5 42
13 54
29.5 64.5
-7 40.5
17 59
29.5 46
29 55
13.5 65
21.5 43
15 59.5
18 69
17 43
19.5 63.5
14 53.5
13.5 37.5
27 70
8 50
22.5 54.5
18.5 65
19.5 66
26 39.5
27.5 39
10.5 53
21.5 54
29.5 51
22.5 67.5
17.5 40
20.5 41.5
30 40
-2 47.5
-6 55.5
-6 56.5
18 63.5
-8 52
12.5 55.5
21.5 67
30 38
-1 46
18 40
29 54
1.5 43
23 45
8.5 45.5
31.5 62.5
-2 49
-1 43
25 54.5
-9 39
23.5 44.5
14 66
9.5 53
20.5 39
13 42.5
30.5 64
13.5 64.5
30.5 63
17.5 69
13 63.5
28.5 37
-9.5 53
19 43
19.5 48.5
29.5 61.5
26 57.5
21.5 49
16 62
33 65.5
-2 53
27 68.5
10.5 46.5
20.5 48
33 55
19.5 43
9.5 52.5
25 62.5
20.5 45.5
13.5 46
16.5 61.5
30 56.5
30.5 50
11 43.5
2.5 46
25.5 45.5
-2.5 37
12.5 63.5
18 53
21 70
7 46.5
7 48.5
32 67
12.5 43.5
16.5 68.5
11 59.5
-2.5 55.5
14.5 49.5
8 61
19.5 50
33 62
24 44.5
-7.5 40.5
-7.5 39.5
20 41.5
26.5 70
19.5 51.5
30.5 69.5
-2.5 52.5
16.5 45.5
8.5 63.5
29.5 37
19.5 42
27 67.5
23 70
23 37.5
13 56.5
-2 52
30.5 49.5
25 42
-5.5 42
13 59
11.5 53.5
23.5 50.5
21.5 69.5
18.5 46
29 36.5
30 39.5
7 45
7 47.5
25.5 62
29.5 50
28 52
8.5 53
-7 58
26.5 48.5
30.5 67
26 66
32.5 41
7 62.5
22 56.5
33 53
9 39
15.5 68.5
17.5 63
24.5 64.5
16.5 61
31.5 37.5
18 49.5
-4.5 48
16.5 47.5
-5.5 39
-3 47.5
28.5 66
5 44.5
-1.5 39
-7 42
26 44
15.5 45.5
12 58
-7 52
-5.5 56
-2 51
16.5 64.5
-1 41.5
13.5 37
24.5 64
22 67.5
29 37.5
19 69
14.5 60
-2 38
21 49
12.5 47.5
19.5 45
-9 37.5
5 48.5
8 49.5
22.5 43
26.5 60.5
25 46.5
26 46
31.5 51.5
19 52
25.5 53.5
20.5 52.5
19.5 41
27 62
7.5 46
16.5 67.5
28 37.5
28.5 52.5
17 50.5
8.5 50.5
28 58
29 65
14 65.5
9.5 56.5
28 69.5
9 59
25.5 48.5
0 42.5
16 50.5
11 47
31 51
22.5 70
12.5 64
-0.5 53.5
1.5 41
20 67.5
1.5 46
7 62
22.5 42
16.5 39
0 47
29 48
22 51.5
20.5 66
14.5 56.5
15.5 58
5.5 62
18.5 51.5
10 45
15.5 51.5
30.5 66
18.5 46.5
12 57
19 54
23.5 48.5
21 41.5
14.5 49
27 69
31 49.5
28.5 70
29 53.5
30 63.5
28 53.5
29.5 61
4 47
-1 44
32.5 37
20.5 45
27.5 53
28.5 65
9.5 44
18 43.5
16 38.5
4 45
12 49
22.5 46
22 55.5
29 63.5
28.5 57
-2 53.5
9 50
20.5 40
-1 50.5
33 60
-9 52
16 40.5
18 46
32.5 59
7.5 50.5
32.5 68
8 53
-5.5 57.5
29 64.5
6 48.5
-5 56.5
31 50
15.5 52.5
15.5 50.5
28.5 62.5
23.5 58.5
32 54
12.5 42
31 58.5
2.5 43
27.5 39.5
28.5 52
10.5 59.5
26.5 67
30 53.5
27.5 44
6.5 44
15 44.5
12.5 56
2.5 43.5
-1 44.5
12 62.5
31.5 64
-7.5 52
7.5 59.5
22 42.5
24.5 48
-3.5 54.5
22 42
10 63
17.5 40.5
29.5 56
26 41
25.5 47.5
10.5 62
31.5 53
24 66
5.5 49
19 42
31.5 51
17 68.5
17 49
11 55
27 39
-1.5 53
21.5 51.5
-8.5 42.5
25 45.5
27 53
15.5 58.5
16.5 49
14 63
-4 42
31.5 39
5.5 52
31 63.5
22.5 69
32.5 38
-1.5 54
26 69
24 43
32 49.5
15.5 48
14.5 62.5
32.5 46.5
24 65.5
24 67.5
-2 40.5
10 51.5
25.5 60
11.5 43
10.5 63.5
18 44
11.5 47
22.5 47.5
4.5 52
10 54
0 45
22 37.5
27 49.5
20 41
33 64.5
29 58.5
13.5 51.5
26.5 69
26 64.5
10 61.5
21.5 69
10.5 61
6 61
19.5 53
28.5 69.5
0.5 46.5
